category	index	name	type	dims	strides	bytes	sha256	payload
parameter	0	b_r_0	BF16	320,8	2,640	5120	6aa0d468cd0944a456712f1970b62d605062828d52fef2a9d188c011dc12d773	parameters/00000.bin
parameter	1	w_r_0	BF16	128,320,8	2,256,81920	655360	d6b0660629ba1d529115bb63d593f3d55421553c88499e21f8a46824ac483b90	parameters/00001.bin
parameter	2	w_q_0	BF16	1024,1024	2,2048	2097152	3d65b8b76b537d4aceddb41f6de5525cd803e6e472e5966eac0c61022707814a	parameters/00002.bin
parameter	3	w_kv_0	BF16	2048,1024	2,4096	4194304	8f3015598f30932501705232841e7eaa58f2889898a8c15522d362e8919959d9	parameters/00003.bin
parameter	4	w_o_0	BF16	1024,1024	2,2048	2097152	7bc1929bbd6a8d5988ae5fea0a7c945804cd3601a309bc83970c2c040f086359	parameters/00004.bin
parameter	5	ff1_0	BF16	6144,1024	2,12288	12582912	458fad3c7f638a42ab69c20862001f24d0f86511f7a69655495013d5288833b8	parameters/00005.bin
parameter	6	ff_bias1_0	BF16	6144	2	12288	a1b218b120c7a5fd68109080199081aad4830422a375503baf5eff102e05294f	parameters/00006.bin
parameter	7	ff2_0	BF16	1024,3072	2,2048	6291456	dfe4f94d50c85028187ebefa09178550865c149812544339fbde3f354aba613b	parameters/00007.bin
parameter	8	ff_bias2_0	BF16	1024	2	2048	e27339fd44759d700e091906398024dd2eecd9168086234b0c1ce71056c6a6fa	parameters/00008.bin
parameter	9	ln_g_0	BF16	1024	2	2048	95fbbe9f3324b7d9f3a3550109772b0060170636c8aabc21e00aebae78594b7e	parameters/00009.bin
parameter	10	ln_b_0	BF16	1024	2	2048	9907e97335011600620a2ecf1de933d3fbe5c939a9314443895031bd4e4799fe	parameters/00010.bin
parameter	11	ln_g_1	BF16	1024	2	2048	95fbbe9f3324b7d9f3a3550109772b0060170636c8aabc21e00aebae78594b7e	parameters/00011.bin
parameter	12	ln_b_1	BF16	1024	2	2048	c98fa7ae653aad8c0d60ed769e5fe436c8796fdfc580b2b5249ba71009bee2f3	parameters/00012.bin
parameter	13	w_r_1	BF16	128,320,8	2,256,81920	655360	41b63689c74c475c6b765a90ebd1e364dda19f49f7c44e3c132480922a7ad22d	parameters/00013.bin
parameter	14	w_q_1	BF16	1024,1024	2,2048	2097152	9b63b6c54497e2a95f8a52eebe5feaaa7836358816b0e6736f86e1b4149bea32	parameters/00014.bin
parameter	15	w_kv_1	BF16	2048,1024	2,4096	4194304	a4916dbe29be3e3c8b9ce29272ae4fef70127ba869fc3fbdecbd0852af85e7b5	parameters/00015.bin
parameter	16	w_o_1	BF16	1024,1024	2,2048	2097152	e446c420aec96d758363fcc976b1a1b7755f7c40c7fd2e38f4126090161b78b8	parameters/00016.bin
parameter	17	ff1_1	BF16	6144,1024	2,12288	12582912	f6e679b8ea7d95f310ad1def8bad468e09c24ad1bba72c55387ec3a908ba6c0a	parameters/00017.bin
parameter	18	ff_bias1_1	BF16	6144	2	12288	6c47f06ed178298f43e02f02f6bfa25d829da0afabf03e426d44e3e98e269a61	parameters/00018.bin
parameter	19	ff2_1	BF16	1024,3072	2,2048	6291456	59c784a838df06c240975bbd1f4ca24f6c0dfd0465b25864e4b59e83588f14ff	parameters/00019.bin
parameter	20	ff_bias2_1	BF16	1024	2	2048	093027f358c02540a4156655b3090e473149fa8d92ffff30d6dfb278d4013128	parameters/00020.bin
parameter	21	ln_g_2	BF16	1024	2	2048	95fbbe9f3324b7d9f3a3550109772b0060170636c8aabc21e00aebae78594b7e	parameters/00021.bin
parameter	22	ln_b_2	BF16	1024	2	2048	bdc478b35ae5f89f5738c642d5330997029f17fa28e67bb1ac8398f9d0c76381	parameters/00022.bin
parameter	23	ln_g_3	BF16	1024	2	2048	95fbbe9f3324b7d9f3a3550109772b0060170636c8aabc21e00aebae78594b7e	parameters/00023.bin
parameter	24	ln_b_3	BF16	1024	2	2048	d35dbd11666a81ed927cd74a9e78b8e8936f19c69b2d8abc42916cfc077ed6ea	parameters/00024.bin
parameter	25	w_r_2	BF16	128,320,8	2,256,81920	655360	ae72e048f79454637242696533e7f2422d80fd83fe262b4b740d7ea0c858fc4b	parameters/00025.bin
parameter	26	w_q_2	BF16	1024,1024	2,2048	2097152	e9b8725a594ba56bc1a04f5ba8725e2cce5ebd16c4a59126a940ae4887732836	parameters/00026.bin
parameter	27	w_kv_2	BF16	2048,1024	2,4096	4194304	849304d432a57a1feda7762e0461b4d0374fd59c976a4ef25ba7e7f634188640	parameters/00027.bin
parameter	28	w_o_2	BF16	1024,1024	2,2048	2097152	07f59481545aeea517e904a60c459fd9df8a2c3b6f5c9e344ae0c7f6a89a6ed2	parameters/00028.bin
parameter	29	ff1_2	BF16	6144,1024	2,12288	12582912	fd78ceb536e10d75f498b3f296421f4a9d8f606860f4b51a4430a75679ee1baf	parameters/00029.bin
parameter	30	ff_bias1_2	BF16	6144	2	12288	276231787667a80d8086bd6aacec0779c7d99374331394d2ff80845c78212f12	parameters/00030.bin
parameter	31	ff2_2	BF16	1024,3072	2,2048	6291456	6388daba4cf91eaab6b698121d3e10a3b8ddb21f1aaccae95f71be879538e924	parameters/00031.bin
parameter	32	ff_bias2_2	BF16	1024	2	2048	9f71ce562d679482fb5d598ec5b01d04692c43e4c65f2f57d8ffc3ddc284d811	parameters/00032.bin
parameter	33	ln_g_4	BF16	1024	2	2048	95fbbe9f3324b7d9f3a3550109772b0060170636c8aabc21e00aebae78594b7e	parameters/00033.bin
parameter	34	ln_b_4	BF16	1024	2	2048	4caefcb30c78632752b3b3c480dc29ba22e91590ed09ca26aafb7efa2655e8d4	parameters/00034.bin
parameter	35	ln_g_5	BF16	1024	2	2048	95fbbe9f3324b7d9f3a3550109772b0060170636c8aabc21e00aebae78594b7e	parameters/00035.bin
parameter	36	ln_b_5	BF16	1024	2	2048	e53b1cf2542a0ee8045f213bf203e8e13538403db8df650a288aeef8a5cba758	parameters/00036.bin
parameter	37	w_r_3	BF16	128,320,8	2,256,81920	655360	060a615c20acc3021fe7c3f8400c003d64edb4d688cc8afa8acdf23d598dfe51	parameters/00037.bin
parameter	38	w_q_3	BF16	1024,1024	2,2048	2097152	8a44bccdf048986c477ac6ce5d62d4f7c27241322ea47e157fcf2488cf5a7eb5	parameters/00038.bin
parameter	39	w_kv_3	BF16	2048,1024	2,4096	4194304	63316d286f8f468d86ec4cf942783976ad9d25555f9aa051cef07fb51194d8f7	parameters/00039.bin
parameter	40	w_o_3	BF16	1024,1024	2,2048	2097152	f81b21e8f695adff9c7e015bbbdda952d9abc2fcab2db5f05803bda70e313dea	parameters/00040.bin
parameter	41	ff1_3	BF16	6144,1024	2,12288	12582912	f838e71b03bd79e9b738ed25ae2fc13ef33f10970627e36af9042a334b002adc	parameters/00041.bin
parameter	42	ff_bias1_3	BF16	6144	2	12288	790ca8cd69a81f1dd3b0a34705de233f6d2d6d070c3a3f01ac004be170fef184	parameters/00042.bin
parameter	43	ff2_3	BF16	1024,3072	2,2048	6291456	bef01267d2834f5e3bd408fb16acf2feb0de5ba5271757dc627ae68fef99691c	parameters/00043.bin
parameter	44	ff_bias2_3	BF16	1024	2	2048	9bf6ed0de47a3d64645140dff1133a3439be658adfe9a725dba01d29a85e1191	parameters/00044.bin
parameter	45	ln_g_6	BF16	1024	2	2048	95fbbe9f3324b7d9f3a3550109772b0060170636c8aabc21e00aebae78594b7e	parameters/00045.bin
parameter	46	ln_b_6	BF16	1024	2	2048	96396aea23837938182f5000169bdda8117df18c14d96f2a7f82e9204b58ddb9	parameters/00046.bin
parameter	47	ln_g_7	BF16	1024	2	2048	95fbbe9f3324b7d9f3a3550109772b0060170636c8aabc21e00aebae78594b7e	parameters/00047.bin
parameter	48	ln_b_7	BF16	1024	2	2048	36429507dac38955ddad2a211b4678f6fef9f6b29e5bc09236c4828195855e94	parameters/00048.bin
parameter	49	w_r_4	BF16	128,320,8	2,256,81920	655360	c80f01731ddfceb630665ba01fc7abfbbde863cc6865fb8af073af8954126da6	parameters/00049.bin
parameter	50	w_q_4	BF16	1024,1024	2,2048	2097152	8f7bdece79a292e1d53ffa5036d216a88e06eff96a74c1060d1581e5353d5aa8	parameters/00050.bin
parameter	51	w_kv_4	BF16	2048,1024	2,4096	4194304	1f873de8aabba22f48085afbe82d65f3bfed2d008d4e84298727cc768595a56a	parameters/00051.bin
parameter	52	w_o_4	BF16	1024,1024	2,2048	2097152	41cbb670eb5fdc31cb6caa9e9c8ca9f6b22e509fc21f33bb8380b5875e76ccf9	parameters/00052.bin
parameter	53	ff1_4	BF16	6144,1024	2,12288	12582912	9d9eda73551ef1d2fd65d70c4767f85ed2c098864daa4c1643b888785fed234a	parameters/00053.bin
parameter	54	ff_bias1_4	BF16	6144	2	12288	0ddfd2216f8f3b506ad0e14e82ce919a189da2328dfca968e31180f820a9dd5a	parameters/00054.bin
parameter	55	ff2_4	BF16	1024,3072	2,2048	6291456	4315c6174a46d6439df8e8f5c4d6ca7470126f6e30ed148bed03d605d636dd7c	parameters/00055.bin
parameter	56	ff_bias2_4	BF16	1024	2	2048	d804da48e56c7816971f17b151ab4da0bea647b86f44fe7d89ec4f650855f8a2	parameters/00056.bin
parameter	57	ln_g_8	BF16	1024	2	2048	95fbbe9f3324b7d9f3a3550109772b0060170636c8aabc21e00aebae78594b7e	parameters/00057.bin
parameter	58	ln_b_8	BF16	1024	2	2048	78f218b0d9bde80db152af082606d10bb84966807b8402f1ed5803c0fb33f007	parameters/00058.bin
parameter	59	ln_g_9	BF16	1024	2	2048	95fbbe9f3324b7d9f3a3550109772b0060170636c8aabc21e00aebae78594b7e	parameters/00059.bin
parameter	60	ln_b_9	BF16	1024	2	2048	fb789542f37193a3594b583f15fa5735cd3b7cbdb9a62ac119d77752f0b2a0fb	parameters/00060.bin
parameter	61	w_r_5	BF16	128,320,8	2,256,81920	655360	e089067033243490ebcc9d3abd7db1fcd35d0f2e749fdd3a0d52a0abce2242a2	parameters/00061.bin
parameter	62	w_q_5	BF16	1024,1024	2,2048	2097152	13a9ecc710ee6b408e8cc4891e44fe13687adaa12860c259e283d345ae6bdb8d	parameters/00062.bin
parameter	63	w_kv_5	BF16	2048,1024	2,4096	4194304	dd997012639e4ab56b7278ae380143d3bef071349c60cbfcb44ae3fc23b2c4a9	parameters/00063.bin
parameter	64	w_o_5	BF16	1024,1024	2,2048	2097152	b5ee11a0ac549e32286ac6d5621abcc1f5b42d572d107191d6a3446fd6beb24d	parameters/00064.bin
parameter	65	ff1_5	BF16	6144,1024	2,12288	12582912	e2e8973ecca7bdc02dd843e5fe4e77cd287688c6a41994865a2f0cb25e191fa9	parameters/00065.bin
parameter	66	ff_bias1_5	BF16	6144	2	12288	27bc6e54a33b9c49cd335202bb53d903bd24242f5348b93997a8f70d1a134290	parameters/00066.bin
parameter	67	ff2_5	BF16	1024,3072	2,2048	6291456	66d273c10e2968b7fda22e269996c7528bcb93ff48115fb5a4653905c27db05f	parameters/00067.bin
parameter	68	ff_bias2_5	BF16	1024	2	2048	f402f57f9260773919753d4fbc07bef267d8a3900036c3d0cea1fb75ddf111d8	parameters/00068.bin
parameter	69	ln_g_10	BF16	1024	2	2048	95fbbe9f3324b7d9f3a3550109772b0060170636c8aabc21e00aebae78594b7e	parameters/00069.bin
parameter	70	ln_b_10	BF16	1024	2	2048	9289c44a0a9f7fd9c5cd823dac397c24a085792bdd232173251e33bbe8b568b3	parameters/00070.bin
parameter	71	ln_g_11	BF16	1024	2	2048	95fbbe9f3324b7d9f3a3550109772b0060170636c8aabc21e00aebae78594b7e	parameters/00071.bin
parameter	72	ln_b_11	BF16	1024	2	2048	d84d5c0a6c06f9e60e87836f97acfb8cb15d0a8e87fbd803c8ec6e813f12b44f	parameters/00072.bin
parameter	73	w_r_6	BF16	128,320,8	2,256,81920	655360	5f3d113d6363eede4db314b4035f5edff1b132a0dbaa7024458c3ffb53ef681c	parameters/00073.bin
parameter	74	w_q_6	BF16	1024,1024	2,2048	2097152	798929543e5f1a8fa2512132b9da7f0dbb601e558c75adf03e71b91759467a47	parameters/00074.bin
parameter	75	w_kv_6	BF16	2048,1024	2,4096	4194304	14e813f3f1533df7a527d2eb62fa546b37b65245da5189a6a33d4b66450cb0bf	parameters/00075.bin
parameter	76	w_o_6	BF16	1024,1024	2,2048	2097152	c828f9c214b66dda8adf367b7459fdff515343bb0a3c2e4b80824e2b18fd1b95	parameters/00076.bin
parameter	77	ff1_6	BF16	6144,1024	2,12288	12582912	979c1014c3509839df69190ad418a39f9b40553320f887347d6b88b40a0b2a8c	parameters/00077.bin
parameter	78	ff_bias1_6	BF16	6144	2	12288	c0fc4f8cf882860bb31bab3e0a1163fab2f3edee89c550cd0287d48c07874b6f	parameters/00078.bin
parameter	79	ff2_6	BF16	1024,3072	2,2048	6291456	b3a681bc8e995f780484a351bc6b10d484c591cba6287853e57848de85bab552	parameters/00079.bin
parameter	80	ff_bias2_6	BF16	1024	2	2048	bb7a3d0e064f1d0973ed275a5b8ec9085255a4d549ecfb674b2b5a5eb200042e	parameters/00080.bin
parameter	81	ln_g_12	BF16	1024	2	2048	95fbbe9f3324b7d9f3a3550109772b0060170636c8aabc21e00aebae78594b7e	parameters/00081.bin
parameter	82	ln_b_12	BF16	1024	2	2048	a8d291a4818b458a8a2925d0e5ca565ab3fce4e1d9b67a5fd81a0fc7c9097972	parameters/00082.bin
parameter	83	ln_g_13	BF16	1024	2	2048	95fbbe9f3324b7d9f3a3550109772b0060170636c8aabc21e00aebae78594b7e	parameters/00083.bin
parameter	84	ln_b_13	BF16	1024	2	2048	1f53e8352ca2a2051f1249a862a9c88ac246b5c5686c1cf7608f2b40c126375a	parameters/00084.bin
parameter	85	w_r_7	BF16	128,320,8	2,256,81920	655360	ddec2a44fd2ce5604447aa68a266b96123dc77db5b091181b4db44417738472e	parameters/00085.bin
parameter	86	w_q_7	BF16	1024,1024	2,2048	2097152	3aa5810a53530bd0526ba5cf6f09fb2d2162bdcfa61f97db510692ff0fec44ce	parameters/00086.bin
parameter	87	w_kv_7	BF16	2048,1024	2,4096	4194304	6f184be67d76a17577852fbcf52236078269d39362e75e377a522f7b396480d2	parameters/00087.bin
parameter	88	w_o_7	BF16	1024,1024	2,2048	2097152	cc3f375a80eeb0014de379d8b25e2cc444375d68cb08261899b2a1f7c0744fa8	parameters/00088.bin
parameter	89	ff1_7	BF16	6144,1024	2,12288	12582912	00dac6f7a1a057aa985e7f154e55a023ebd0470eb99e225d5f43e246d6dab60e	parameters/00089.bin
parameter	90	ff_bias1_7	BF16	6144	2	12288	635a487fc97d874989ec01b62758af3dbc4129c0de6fbb06b0e1f1bc10ad423c	parameters/00090.bin
parameter	91	ff2_7	BF16	1024,3072	2,2048	6291456	c7977f0ce3669674c5fcdb5ee937fda6b621400adac3461f452dccf98cc9beae	parameters/00091.bin
parameter	92	ff_bias2_7	BF16	1024	2	2048	ecad782aebabc8e6097bb9beca59448bb99543cf4b717961a8785ebf46cd96b2	parameters/00092.bin
parameter	93	ln_g_14	BF16	1024	2	2048	95fbbe9f3324b7d9f3a3550109772b0060170636c8aabc21e00aebae78594b7e	parameters/00093.bin
parameter	94	ln_b_14	BF16	1024	2	2048	249db21fc3db9a3947723aaf5056a03bc24bb50ced9915b56b239653d7cbae10	parameters/00094.bin
parameter	95	ln_g_15	BF16	1024	2	2048	95fbbe9f3324b7d9f3a3550109772b0060170636c8aabc21e00aebae78594b7e	parameters/00095.bin
parameter	96	ln_b_15	BF16	1024	2	2048	6da2dc81668969dc817d6cf944e6e64aeda3eda665600cf7fc815b386118b27f	parameters/00096.bin
parameter	97	w_r_8	BF16	128,320,8	2,256,81920	655360	0b087d3bc07e4e80589b5400b13ca939fbbec4b364c19363b462eeba8616d0ea	parameters/00097.bin
parameter	98	w_q_8	BF16	1024,1024	2,2048	2097152	8740cfed1f5f7ab988495fb9c16c4b51c003ba18a56755f9e5adf7c52ce18ac1	parameters/00098.bin
parameter	99	w_kv_8	BF16	2048,1024	2,4096	4194304	2e35c75719f341e707aa2b666f5d2decaad8672ea1968a993616e9cb973f6bb3	parameters/00099.bin
parameter	100	w_o_8	BF16	1024,1024	2,2048	2097152	614359c6f3cf4e783a71d788e6906b40aa7ba78ade7a93c28c2091120ed9d1bb	parameters/00100.bin
parameter	101	ff1_8	BF16	6144,1024	2,12288	12582912	84f9868559c2d463a63fe08e0cf8aff1ff689da9fbc30ee5cae408a149a118be	parameters/00101.bin
parameter	102	ff_bias1_8	BF16	6144	2	12288	e1cab313476a797fc14bd881402efbc696e35f0b8808e1c2a4cb161c16c126ba	parameters/00102.bin
parameter	103	ff2_8	BF16	1024,3072	2,2048	6291456	c32eb4cdedf2bdda5802917ef77860063745cc435941fa6fcf8e64100aa4a29d	parameters/00103.bin
parameter	104	ff_bias2_8	BF16	1024	2	2048	f311e3ba2fcaace44b959b69b3733795b9b97630d09e1acbee759aaff0e0e2f2	parameters/00104.bin
parameter	105	ln_g_16	BF16	1024	2	2048	95fbbe9f3324b7d9f3a3550109772b0060170636c8aabc21e00aebae78594b7e	parameters/00105.bin
parameter	106	ln_b_16	BF16	1024	2	2048	2d55f67157c902712359e05c846b3b6ed8a658954cd1c3e630d6e4a3f18be9b0	parameters/00106.bin
parameter	107	ln_g_17	BF16	1024	2	2048	95fbbe9f3324b7d9f3a3550109772b0060170636c8aabc21e00aebae78594b7e	parameters/00107.bin
parameter	108	ln_b_17	BF16	1024	2	2048	b5d1527de9e5e1b2770d8f0ed55005512cd8efbe470fe0bb0d2afb3145e8dc01	parameters/00108.bin
parameter	109	w_r_9	BF16	128,320,8	2,256,81920	655360	e3a83b34766d17f14f1bb37da10a0dea995b7a037ea14ecb0d3b208299fcf916	parameters/00109.bin
parameter	110	w_q_9	BF16	1024,1024	2,2048	2097152	3fde9222361ff2f332c35208b5a58a7004faf1d89106422e9dc3cc3449fe3bc0	parameters/00110.bin
parameter	111	w_kv_9	BF16	2048,1024	2,4096	4194304	2402345655f74bb63629769805446b5dcf6395750f706ba5d9098ce17e598f39	parameters/00111.bin
parameter	112	w_o_9	BF16	1024,1024	2,2048	2097152	62a631b3c1e94a25b57c2907053adb8ce2a2eb86117dab4761bf4ac47127862b	parameters/00112.bin
parameter	113	ff1_9	BF16	6144,1024	2,12288	12582912	09df67c3cc3ab89b2a48ee6160eb7f5b2a54599aec834421fb083b89b6a85ef0	parameters/00113.bin
parameter	114	ff_bias1_9	BF16	6144	2	12288	e1561d52ea84ebe70bb7d558310dc0e36e1f63d34fa21e37b493d35ca50208b3	parameters/00114.bin
parameter	115	ff2_9	BF16	1024,3072	2,2048	6291456	8ad42367eba93767e46b0165cddd53c402263ba81e7f872b4d3cad58f9a163a2	parameters/00115.bin
parameter	116	ff_bias2_9	BF16	1024	2	2048	a958dd574d49e05d977540a724a9f6bf5eaf95da60228af8b43ecf9440742369	parameters/00116.bin
parameter	117	ln_g_18	BF16	1024	2	2048	95fbbe9f3324b7d9f3a3550109772b0060170636c8aabc21e00aebae78594b7e	parameters/00117.bin
parameter	118	ln_b_18	BF16	1024	2	2048	3782697c2e19d042fc4b8ee9e4f74f158c7914a4196509478018e7ab505dc191	parameters/00118.bin
parameter	119	ln_g_19	BF16	1024	2	2048	95fbbe9f3324b7d9f3a3550109772b0060170636c8aabc21e00aebae78594b7e	parameters/00119.bin
parameter	120	ln_b_19	BF16	1024	2	2048	3ea57406a453907724771304a685721e1016828a51479844ff2cb1b0ea693082	parameters/00120.bin
parameter	121	w_r_10	BF16	128,320,8	2,256,81920	655360	e07a0ccafe2329d0350d319dba00e49d7c199f5ee33c5e15ae55428ee52ff839	parameters/00121.bin
parameter	122	w_q_10	BF16	1024,1024	2,2048	2097152	827caf7f095e15683b431dfd9b0514391d67f6a8faf7ecd14a04b23a5162ffe5	parameters/00122.bin
parameter	123	w_kv_10	BF16	2048,1024	2,4096	4194304	086a46e73ea6ae4b3bbec05f79e014d8cb1da474420ba49c900fde843c671339	parameters/00123.bin
parameter	124	w_o_10	BF16	1024,1024	2,2048	2097152	a6b887e0d81d8f5b2329912f5e75be2d4bec0dd580e3deff1b4adcfd5b25da18	parameters/00124.bin
parameter	125	ff1_10	BF16	6144,1024	2,12288	12582912	0544079ba98b49b57d2aa4215f08a6028fdc8f4e607304f8d91e20dbabe3fdde	parameters/00125.bin
parameter	126	ff_bias1_10	BF16	6144	2	12288	ae9884d3bd671494868b4ea1da7aa7cf9927fcb27e683f871a4b93461d0dcd88	parameters/00126.bin
parameter	127	ff2_10	BF16	1024,3072	2,2048	6291456	0227e8a46f74a60a54e533516d62ef66c1e36b9f5f319480824d86a71c7892c9	parameters/00127.bin
parameter	128	ff_bias2_10	BF16	1024	2	2048	20f87828af7afb0762f4ab286b38ed17c7edd14a4b2ff8f0a337959869f24eb8	parameters/00128.bin
parameter	129	ln_g_20	BF16	1024	2	2048	95fbbe9f3324b7d9f3a3550109772b0060170636c8aabc21e00aebae78594b7e	parameters/00129.bin
parameter	130	ln_b_20	BF16	1024	2	2048	51feffe07d5996f3f1140aafafc8593ef823f70be3f31313d933467bde8d9bc3	parameters/00130.bin
parameter	131	ln_g_21	BF16	1024	2	2048	95fbbe9f3324b7d9f3a3550109772b0060170636c8aabc21e00aebae78594b7e	parameters/00131.bin
parameter	132	ln_b_21	BF16	1024	2	2048	dfa108bad698bf63fc21e8e72bb1dd2b9f5f32ac85cb80e936ac0b4ddd73a51d	parameters/00132.bin
parameter	133	w_r_11	BF16	128,320,8	2,256,81920	655360	a9a30b6770fc76d57729cffe4b6619b03683c110a44ff357bbe9a22fa4ba3332	parameters/00133.bin
parameter	134	w_q_11	BF16	1024,1024	2,2048	2097152	2f7d0388a025918d7c7efb57e88873991ef762a6bc6eab0ddc06b24fa34b245b	parameters/00134.bin
parameter	135	w_kv_11	BF16	2048,1024	2,4096	4194304	f4a258f1606b15d9ae4d94a62c00d0edc08dd6cc6e444ea5d7f6fbaa3d29c527	parameters/00135.bin
parameter	136	w_o_11	BF16	1024,1024	2,2048	2097152	e6748cd647c8713ae5902cad1e04941b0344ac75a1238f2f293dfe03fb5a990d	parameters/00136.bin
parameter	137	ff1_11	BF16	6144,1024	2,12288	12582912	8e6fba5c714b4660c45fa17ee08eda7a5582edf8b73a52843eb680f0f9735e27	parameters/00137.bin
parameter	138	ff_bias1_11	BF16	6144	2	12288	a8279abe26dcf1c552bfa181fe20cebda8b6fd35223f0c6f9a3550c613f2e4e3	parameters/00138.bin
parameter	139	ff2_11	BF16	1024,3072	2,2048	6291456	cefc8f57a6dbc04b2fd9e9f7e2378df1b3bdb9eb29e670c65466904f577f5b2f	parameters/00139.bin
parameter	140	ff_bias2_11	BF16	1024	2	2048	09b9e0bede9cc1bf6a69dfb89218f3c3cd9f73b1a5674525c3f79b4b65ea88f2	parameters/00140.bin
parameter	141	ln_g_22	BF16	1024	2	2048	95fbbe9f3324b7d9f3a3550109772b0060170636c8aabc21e00aebae78594b7e	parameters/00141.bin
parameter	142	ln_b_22	BF16	1024	2	2048	d2fb79c76ae6076e768d76d210948ad0d52ac83ff9a491d46aa517ada6fe3fba	parameters/00142.bin
parameter	143	ln_g_23	BF16	1024	2	2048	95fbbe9f3324b7d9f3a3550109772b0060170636c8aabc21e00aebae78594b7e	parameters/00143.bin
parameter	144	ln_b_23	BF16	1024	2	2048	b9e70a5f1b4ca7258838e324c5c6a20baef6dccb35be8be59c7aeda3347e84df	parameters/00144.bin
parameter	145	w_r_12	BF16	128,320,8	2,256,81920	655360	6c526835746960343448f82055404ba78014374ff777f912a710847cedb2d378	parameters/00145.bin
parameter	146	w_q_12	BF16	1024,1024	2,2048	2097152	8c34980592e5b02c17b9d4ca62b4498ab583103996a42f1290c3bac681b30a07	parameters/00146.bin
parameter	147	w_kv_12	BF16	2048,1024	2,4096	4194304	4e7d13d10205bdbdd34d13c6a66b41bc2c3a5e011d7b78045bbde09440ec4470	parameters/00147.bin
parameter	148	w_o_12	BF16	1024,1024	2,2048	2097152	ccf885e728203223f4538e05e4df2049e4408a04896870de58e39faf105cc3f7	parameters/00148.bin
parameter	149	ff1_12	BF16	6144,1024	2,12288	12582912	2a40ec519187899ff542db3641bbf80d74f8b650613d6283eb36babc95118db0	parameters/00149.bin
parameter	150	ff_bias1_12	BF16	6144	2	12288	e8639adf2f8643ceefe46e21b7c916b6b9308ae968a9abe297b90a7bcae42b83	parameters/00150.bin
parameter	151	ff2_12	BF16	1024,3072	2,2048	6291456	e1bed7369ca6d75dac5861be05f4fe69530938c5380acb0c781e1597f44526e5	parameters/00151.bin
parameter	152	ff_bias2_12	BF16	1024	2	2048	779a03b9c52db403eab534051014e92fd25fc88ed61a9a686d1061ea1a647ffe	parameters/00152.bin
parameter	153	ln_g_24	BF16	1024	2	2048	95fbbe9f3324b7d9f3a3550109772b0060170636c8aabc21e00aebae78594b7e	parameters/00153.bin
parameter	154	ln_b_24	BF16	1024	2	2048	22b3973d67c8869327c25dbd6bfbf79afd92aa6bcade5b8d54cb0ead67d01dfd	parameters/00154.bin
parameter	155	ln_g_25	BF16	1024	2	2048	95fbbe9f3324b7d9f3a3550109772b0060170636c8aabc21e00aebae78594b7e	parameters/00155.bin
parameter	156	ln_b_25	BF16	1024	2	2048	c20c0523934c839193c4ce08e7c5563fecc0f6a36c05ac607e9742027e82f77b	parameters/00156.bin
parameter	157	w_r_13	BF16	128,320,8	2,256,81920	655360	8eee8eac466f8d87532a0fab47e4dd85a226bed9be499b01e59d4bb1ff3a16d0	parameters/00157.bin
parameter	158	w_q_13	BF16	1024,1024	2,2048	2097152	a247392d110c43a5cfa8193a2ae53e28503cca32f4dbd8b5e30d00cb8b18ee8e	parameters/00158.bin
parameter	159	w_kv_13	BF16	2048,1024	2,4096	4194304	3411f7574b68e1d66f8e323f7a523e93788621eb12feae5ac161041683db1958	parameters/00159.bin
parameter	160	w_o_13	BF16	1024,1024	2,2048	2097152	adf8cfdd766ff7ef95cb99afcc58fe7d9ac0a6ecc4e48d8696a9171a2238549c	parameters/00160.bin
parameter	161	ff1_13	BF16	6144,1024	2,12288	12582912	82bbc2529a92e701fae00136ff6806c926a10c94f33f63b2e9e16c6d8e4cdbe5	parameters/00161.bin
parameter	162	ff_bias1_13	BF16	6144	2	12288	19ed0f45197273672f4a3bffa892f2bd7c6574060fe92f89472c58fcaaf13a01	parameters/00162.bin
parameter	163	ff2_13	BF16	1024,3072	2,2048	6291456	504347b27fc7c93cc6eee5b3444db4c658903c631b5e94682b34d21d8efa12c8	parameters/00163.bin
parameter	164	ff_bias2_13	BF16	1024	2	2048	7b6ed279ca29e823019345071d77f85d8273b2c7e2d2d7f7a9ec7a14f199e10a	parameters/00164.bin
parameter	165	ln_g_26	BF16	1024	2	2048	95fbbe9f3324b7d9f3a3550109772b0060170636c8aabc21e00aebae78594b7e	parameters/00165.bin
parameter	166	ln_b_26	BF16	1024	2	2048	4146738efcc42aacea95efd3156cb20c30171dee23d9addfdaf90f8752bc3932	parameters/00166.bin
parameter	167	ln_g_27	BF16	1024	2	2048	95fbbe9f3324b7d9f3a3550109772b0060170636c8aabc21e00aebae78594b7e	parameters/00167.bin
parameter	168	ln_b_27	BF16	1024	2	2048	10daee51db133246e8e360f7704ab7b2a66ef1e7dbcd31a13cf89ef87f632210	parameters/00168.bin
parameter	169	w_r_14	BF16	128,320,8	2,256,81920	655360	6944b632f4a029e19f029db5a1b877911607f893e4ffa1c6d2fbba1997fc19d0	parameters/00169.bin
parameter	170	w_q_14	BF16	1024,1024	2,2048	2097152	8571d8cc24126c961e07b1e528a4c93f9954f560be2a70ff21992af4991c39b6	parameters/00170.bin
parameter	171	w_kv_14	BF16	2048,1024	2,4096	4194304	239354ff94426e38000028588fdda48b43f8fd7ec823fcac99d17e09bc3d2a0d	parameters/00171.bin
parameter	172	w_o_14	BF16	1024,1024	2,2048	2097152	efca050c2d17cc7a0d168783d48600f5359489a547d45ace91dc6c11210bde71	parameters/00172.bin
parameter	173	ff1_14	BF16	6144,1024	2,12288	12582912	94cf66ce7d7ecdd0069fe757c82b6885f72d5c59c87a784072d1033b67b76f0d	parameters/00173.bin
parameter	174	ff_bias1_14	BF16	6144	2	12288	6d5309882a126e21ab8c12107fea7df31425c4e09b6e4fa4f8c641be9789b598	parameters/00174.bin
parameter	175	ff2_14	BF16	1024,3072	2,2048	6291456	2be24edaf722270316336a8c41401177ce4904a151577935e3fccaa6e7c78db9	parameters/00175.bin
parameter	176	ff_bias2_14	BF16	1024	2	2048	8b485cb3a7ef608178b0d75c264cb4965cc2a01d71e3fa490a5aa10e26573360	parameters/00176.bin
parameter	177	ln_g_28	BF16	1024	2	2048	95fbbe9f3324b7d9f3a3550109772b0060170636c8aabc21e00aebae78594b7e	parameters/00177.bin
parameter	178	ln_b_28	BF16	1024	2	2048	3d50708b7d8db477cfcfae6d3a34c9a8fdde8689608630676c81a561c222d65d	parameters/00178.bin
parameter	179	ln_g_29	BF16	1024	2	2048	95fbbe9f3324b7d9f3a3550109772b0060170636c8aabc21e00aebae78594b7e	parameters/00179.bin
parameter	180	ln_b_29	BF16	1024	2	2048	f5e95f0d8aa9a7a30f019cbea9d2eab251f5a573faadcfdbc4b170759be4b880	parameters/00180.bin
parameter	181	w_r_15	BF16	128,320,8	2,256,81920	655360	fbed34f0112461dc0ef4c63a46726bf083cc8cf00dfd6a1c080b59c2e2007020	parameters/00181.bin
parameter	182	w_q_15	BF16	1024,1024	2,2048	2097152	1b17ad45e4932380d707ec42cc29e50f6991da3e02581dc5c0bd9cd04bb12733	parameters/00182.bin
parameter	183	w_kv_15	BF16	2048,1024	2,4096	4194304	9f3318b80676bf3d948d86065daf80a738b4267c56b5e5f6c69a8df43653d4e8	parameters/00183.bin
parameter	184	w_o_15	BF16	1024,1024	2,2048	2097152	9945039a8147823705c3015f6a3e05ae5915bce8dbe487ac61ed95aabcc3a30a	parameters/00184.bin
parameter	185	ff1_15	BF16	6144,1024	2,12288	12582912	6741443f6982225af6adea97c1118c8ef4bce057386f8719416b06077766a6df	parameters/00185.bin
parameter	186	ff_bias1_15	BF16	6144	2	12288	5c2885d62ca1e1f9239970ff4064c935530414225c0bc440b2f43b1a978c477e	parameters/00186.bin
parameter	187	ff2_15	BF16	1024,3072	2,2048	6291456	7cebe74332435b3435927f99fa9076c2238fa95ddf69b47797ab6ffbc4941d74	parameters/00187.bin
parameter	188	ff_bias2_15	BF16	1024	2	2048	bda9036d619bf3d8ae0b78155a945078eeae0f95f8ace8ea913f35af841d13a1	parameters/00188.bin
parameter	189	ln_g_30	BF16	1024	2	2048	95fbbe9f3324b7d9f3a3550109772b0060170636c8aabc21e00aebae78594b7e	parameters/00189.bin
parameter	190	ln_b_30	BF16	1024	2	2048	034edec2de4007890eb6a0130b1cd936897b92d89eb42e8a68598f277b7e8e04	parameters/00190.bin
parameter	191	ln_g_31	BF16	1024	2	2048	95fbbe9f3324b7d9f3a3550109772b0060170636c8aabc21e00aebae78594b7e	parameters/00191.bin
parameter	192	ln_b_31	BF16	1024	2	2048	5b5b900f8f92b00958b722a92c0f9de9241551031ae64844913851fc4ac95e11	parameters/00192.bin
parameter	193	w_r_16	BF16	128,320,8	2,256,81920	655360	1e5dd72e2a5e93ccfaa9edaead21996f87365388f2d90ddb13ae54f88de5a488	parameters/00193.bin
parameter	194	w_q_16	BF16	1024,1024	2,2048	2097152	1875ac1e95e4529e5afa820df87630806dc9cafdb2f08bc65de15bf1c61f2506	parameters/00194.bin
parameter	195	w_kv_16	BF16	2048,1024	2,4096	4194304	d5fbe32b944e63f3bef2d5de4ec81988f22440300543ef5bb7f6da1d3760b799	parameters/00195.bin
parameter	196	w_o_16	BF16	1024,1024	2,2048	2097152	535047a89d723e44830290f754076a564e6ca89137eec3d30ee10851356ddd37	parameters/00196.bin
parameter	197	ff1_16	BF16	6144,1024	2,12288	12582912	205808072f13c7fcd5cecf878afcf50f0d8a016ffabc3f33339b1ab70f6887c3	parameters/00197.bin
parameter	198	ff_bias1_16	BF16	6144	2	12288	548cdb6de0aba22395f93c42bf2e26459edaeec805e958a6e053e239b80be27e	parameters/00198.bin
parameter	199	ff2_16	BF16	1024,3072	2,2048	6291456	62f6deba93ecd9023b623745e58543e15dc1058894d965fd873c01938464213d	parameters/00199.bin
parameter	200	ff_bias2_16	BF16	1024	2	2048	537599bcca0c47730bac37d608197e0cca7d94cc8d1379c72cfbbd8a1f85c677	parameters/00200.bin
parameter	201	ln_g_32	BF16	1024	2	2048	95fbbe9f3324b7d9f3a3550109772b0060170636c8aabc21e00aebae78594b7e	parameters/00201.bin
parameter	202	ln_b_32	BF16	1024	2	2048	bdaac2ae30f7e7bc151391aef2c5073f8805d795445b4b89a7de2c998954b29b	parameters/00202.bin
parameter	203	ln_g_33	BF16	1024	2	2048	95fbbe9f3324b7d9f3a3550109772b0060170636c8aabc21e00aebae78594b7e	parameters/00203.bin
parameter	204	ln_b_33	BF16	1024	2	2048	4dfdb1176e4d926f8e78576d7ea12bcfd9fb4f140c68b890a91b36828d768374	parameters/00204.bin
parameter	205	w_r_17	BF16	128,320,8	2,256,81920	655360	470aa396deaddaf8c94841572a3a034c93d1943054c6a4a0966613e98df2dfc9	parameters/00205.bin
parameter	206	w_q_17	BF16	1024,1024	2,2048	2097152	81d92a20dee7456171b4395311b43a46a22f860d227f331834b69127f670751b	parameters/00206.bin
parameter	207	w_kv_17	BF16	2048,1024	2,4096	4194304	1671b3171cb646eef75afa9884e6a83987202afd5222ac621ea0f848ee6bbc5b	parameters/00207.bin
parameter	208	w_o_17	BF16	1024,1024	2,2048	2097152	c2416e36a729c7807ac74395f3e26d85b869db28523a698b5267918210eabd7c	parameters/00208.bin
parameter	209	ff1_17	BF16	6144,1024	2,12288	12582912	2c8ce3ed6e69a1a10310797d8467056790bc09d187291eba3f49f02b550dc5b4	parameters/00209.bin
parameter	210	ff_bias1_17	BF16	6144	2	12288	c58148d956fdc918349d211e65449e23689da25107dbfc289bc05436ebb97897	parameters/00210.bin
parameter	211	ff2_17	BF16	1024,3072	2,2048	6291456	69f7838c8dd809fc10d1df3c1faae7e92fb0a63f0c7263225fcea735ab95654e	parameters/00211.bin
parameter	212	ff_bias2_17	BF16	1024	2	2048	ce87b0e35ce4a5c96e453fdfac36dfbda3c56e89ca49b756991248602c50e7d9	parameters/00212.bin
parameter	213	ln_g_34	BF16	1024	2	2048	95fbbe9f3324b7d9f3a3550109772b0060170636c8aabc21e00aebae78594b7e	parameters/00213.bin
parameter	214	ln_b_34	BF16	1024	2	2048	fe9d922453979cb772a94a88eaba81ef4a190079ee1aa860bfaf196e76621993	parameters/00214.bin
parameter	215	ln_g_35	BF16	1024	2	2048	95fbbe9f3324b7d9f3a3550109772b0060170636c8aabc21e00aebae78594b7e	parameters/00215.bin
parameter	216	ln_b_35	BF16	1024	2	2048	b3795c4a1bae1926b415bb202a6abaaed69c6ff3b489a3fc30ea984f04485d16	parameters/00216.bin
parameter	217	w_r_18	BF16	128,320,8	2,256,81920	655360	82233c89ca3d2f845a76fee394fab0338ec4e8eba8748c740c4bd584380a9aff	parameters/00217.bin
parameter	218	w_q_18	BF16	1024,1024	2,2048	2097152	da308c85a30bc2c1ffdc3f07ae7a5efcb211486af57a2f7709b0ba4b8c18bea9	parameters/00218.bin
parameter	219	w_kv_18	BF16	2048,1024	2,4096	4194304	3c45726ddc7005727fd84b75742750290a822051e4eb1fd9b252da76ea98ed42	parameters/00219.bin
parameter	220	w_o_18	BF16	1024,1024	2,2048	2097152	c5f9babd24f924ca81a3e2a4585b44a7c836117c6395d0eb3162131955a97eb4	parameters/00220.bin
parameter	221	ff1_18	BF16	6144,1024	2,12288	12582912	c8ab036f1af24d973267292bf8047b96314743bec6e13d3f414077c1dd2485d8	parameters/00221.bin
parameter	222	ff_bias1_18	BF16	6144	2	12288	8b11ab4242b299190bb90c079fc25bac0d9074a57a228591fcb02e2b4256a3ee	parameters/00222.bin
parameter	223	ff2_18	BF16	1024,3072	2,2048	6291456	164d2fcb2b9aa8cd8709b6bcdd7f47f93db3fe4a1bfc53709ff83ef84eb23a07	parameters/00223.bin
parameter	224	ff_bias2_18	BF16	1024	2	2048	59c6ac5a9178734b4e5fe218a0918996f2395381812de2807677488360e30de2	parameters/00224.bin
parameter	225	ln_g_36	BF16	1024	2	2048	95fbbe9f3324b7d9f3a3550109772b0060170636c8aabc21e00aebae78594b7e	parameters/00225.bin
parameter	226	ln_b_36	BF16	1024	2	2048	5178e6d096fc6986e3adb9d4395782da4898b7a83707a8d0015ed28af0d60361	parameters/00226.bin
parameter	227	ln_g_37	BF16	1024	2	2048	95fbbe9f3324b7d9f3a3550109772b0060170636c8aabc21e00aebae78594b7e	parameters/00227.bin
parameter	228	ln_b_37	BF16	1024	2	2048	a48ec00cde132b70a0643fe0b82c94fa1492857164d8b927522f9cedb0c460b7	parameters/00228.bin
parameter	229	w_r_19	BF16	128,320,8	2,256,81920	655360	f1044b761b3a364cb3daa80a37f0e7532cf910cc0289bbf0f24893df32876542	parameters/00229.bin
parameter	230	w_q_19	BF16	1024,1024	2,2048	2097152	306ecd758598af52b91b4737e3ef14aaa1bb57fa561064a86b23513b81d873fa	parameters/00230.bin
parameter	231	w_kv_19	BF16	2048,1024	2,4096	4194304	67576989715539ea549915dddcbe4834a1b55ffb1afebe990d7201c6b37f1db2	parameters/00231.bin
parameter	232	w_o_19	BF16	1024,1024	2,2048	2097152	5b357d2c15b006718931a3ffce47f7d1d75d3725b958bb32709692d35c622cfe	parameters/00232.bin
parameter	233	ff1_19	BF16	6144,1024	2,12288	12582912	00d9f8dcd43bf8dfd9e314e7ee3eefb8c1dd889d6f15bfbece97f96c3b9fbc2e	parameters/00233.bin
parameter	234	ff_bias1_19	BF16	6144	2	12288	162086daa6241630a5f81e50b2ecd7443c6d402d33aa217560c45455f4abfa95	parameters/00234.bin
parameter	235	ff2_19	BF16	1024,3072	2,2048	6291456	bd658269e6bda44da0d34e60227e213e8a00a0bb3704868c7d462253e8e3e0f3	parameters/00235.bin
parameter	236	ff_bias2_19	BF16	1024	2	2048	da9bd76e0134b13a549acd071f5ee2a19d7c6485a2816149ce699aace4985e19	parameters/00236.bin
parameter	237	ln_g_38	BF16	1024	2	2048	95fbbe9f3324b7d9f3a3550109772b0060170636c8aabc21e00aebae78594b7e	parameters/00237.bin
parameter	238	ln_b_38	BF16	1024	2	2048	8db65d5bf5e19b6e4af4b1da9802e15e66b5952d037769a855add889b9abb6e2	parameters/00238.bin
parameter	239	ln_g_39	BF16	1024	2	2048	95fbbe9f3324b7d9f3a3550109772b0060170636c8aabc21e00aebae78594b7e	parameters/00239.bin
parameter	240	ln_b_39	BF16	1024	2	2048	11a036f62fb51881c40ac24c9786cdb449a5c8a6c36234030b37baf2a42d9f84	parameters/00240.bin
parameter	241	ln_g_40	BF16	1024	2	2048	95fbbe9f3324b7d9f3a3550109772b0060170636c8aabc21e00aebae78594b7e	parameters/00241.bin
parameter	242	ln_b_40	BF16	1024	2	2048	c5e900032b778133221b6e7b98b3f9413c0c08b8a933f357199b64f86f1269a8	parameters/00242.bin
parameter	243	embed	F32	1024,16392	4,4096	67141632	cd57e07f3df1a0af355a3307afd7ff3b38aad9634d3bffd66b2b0dfad7030dc9	parameters/00243.bin
parameter	244	embed_out	BF16	16392,1024	2,32784	33570816	c6488fce1326daa06769c36b64e301b79302863710f803b7e941b745f52f6c2e	parameters/00244.bin
parameter	245	out_bias	BF16	16392	2	32784	c2a462b460f23d8dcd0b0d40c501b083b8a9103ffcf60e9e92deaa452d9ff202	parameters/00245.bin
state	0	input_stream_0	I32	1,64	4,4	256	5e68cc8d205b86c9bb22a6b5d59ac1259b848331722c836c4eba10888d28a917	state/00000.bin
state	1	mem_h_0_stream_0	BF16	1024,1,256	2,2048,2048	524288	4cc12b067637836d52450a17894fbcf3104fe00b6f76d5e462adee038203e52a	state/00001.bin
state	2	mem_h_1_stream_0	BF16	1024,1,256	2,2048,2048	524288	54047576871cb2da056194a13181bd8fc359b2a49f93f9ecc5dd5a0c17a2f3a9	state/00002.bin
state	3	mem_h_2_stream_0	BF16	1024,1,256	2,2048,2048	524288	7bbdfba5bf814ddd3946e4d00e8e9a8b57b53931ff7da7a50574b46f0ad74b31	state/00003.bin
state	4	mem_h_3_stream_0	BF16	1024,1,256	2,2048,2048	524288	b88231174646a9a73f57d7da92da205c9ec9d1df656dbab4c60a81e3fd9fb396	state/00004.bin
state	5	mem_h_4_stream_0	BF16	1024,1,256	2,2048,2048	524288	19f2aabcd3bbf1dc0b1415a660f19678f3bd3fc3de30994503ef7352619a76b9	state/00005.bin
state	6	mem_h_5_stream_0	BF16	1024,1,256	2,2048,2048	524288	8b20ac329795a10dd5456ce78f6cf9e487d4d5ff7205605e69987eb76f8c929c	state/00006.bin
state	7	mem_h_6_stream_0	BF16	1024,1,256	2,2048,2048	524288	c8c7abbbd8964aefe49bab256ef731133b0a3778a7b001e7bd35fd1f594fea04	state/00007.bin
state	8	mem_h_7_stream_0	BF16	1024,1,256	2,2048,2048	524288	9c35b2272b3e23fad270a1d48daf65e9e48fb7ad6c3dff11648c05784cec4ce7	state/00008.bin
state	9	mem_h_8_stream_0	BF16	1024,1,256	2,2048,2048	524288	d772734ad01c8afff527fa6bc73d29ff902f709eff29b30f28ffc6b4d7320f0a	state/00009.bin
state	10	mem_h_9_stream_0	BF16	1024,1,256	2,2048,2048	524288	9dc34cd72094fb9195360716585accfad07a4c1c11933878b27ea86186f53063	state/00010.bin
state	11	mem_h_10_stream_0	BF16	1024,1,256	2,2048,2048	524288	5877acc82de6aea92f5c79c8eda24eff058abaf1460b05a26eab70f8ad13c712	state/00011.bin
state	12	mem_h_11_stream_0	BF16	1024,1,256	2,2048,2048	524288	d7cc9087b69169981e23ffbc50c463dcc94e59c85f43c5b260f008ba9830031c	state/00012.bin
state	13	mem_h_12_stream_0	BF16	1024,1,256	2,2048,2048	524288	2e22d9fa6b958100d316ff12ecd6f20f6b6e9b153bc131555c4285ce3912b3d3	state/00013.bin
state	14	mem_h_13_stream_0	BF16	1024,1,256	2,2048,2048	524288	08d619ad7cf323f5bbfe529711344ce0e8e5531f220dc325a7ed927638a1563f	state/00014.bin
state	15	mem_h_14_stream_0	BF16	1024,1,256	2,2048,2048	524288	4580c2ac3be1a850987fc39a5505d7a2d22710326a6c793beb5ed4e2d4dfe82b	state/00015.bin
state	16	mem_h_15_stream_0	BF16	1024,1,256	2,2048,2048	524288	bdc1b18b67a9644b363ecc8e54463203bb3bc271bd8b89877e670db17a564feb	state/00016.bin
state	17	mem_h_16_stream_0	BF16	1024,1,256	2,2048,2048	524288	3bd92669843fd41b70e1429d777791379d50da372868eca5c6ac7a4016195670	state/00017.bin
state	18	mem_h_17_stream_0	BF16	1024,1,256	2,2048,2048	524288	63596a959d3d128ad2ba668d10c94ebcd54411b70537d7531df460635ad41a38	state/00018.bin
state	19	mem_h_18_stream_0	BF16	1024,1,256	2,2048,2048	524288	655ab14d80e21c8a66bf44706e8a91a8074442d5839ba3639641bcd0a39daf79	state/00019.bin
state	20	mem_h_19_stream_0	BF16	1024,1,256	2,2048,2048	524288	aadcb999472c0fe7bf9eabfb33fd79e36ba806e1936969a329b81b0363c26ef6	state/00020.bin
state	21	attention_mask	I8	320,64	1,320	20480	baccf1f47218ca5f9d3837ed3174ddb8c49631f47b612409becb54eabb2700cb	state/00021.bin
