512
2 1
1 1
32768 1
24529 0
10777 0
32768 0
1 0
65535 0
32768 1
65535 0
38164 0
65535 1
24065 1
32768 0
32768 1
65535 0
2 1
17980 1
65534 0
65535 1
1 0
35329 1
2 1
1 1
2 0
43546 1
2 0
65535 0
32768 1
1 1
65534 1
2 0
10527 1
1 1
36689 0
2 0
32768 1
2 1
65534 0
65535 1
65535 0
65534 1
65534 0
2 0
1 1
65534 0
2 0
1 0
18410 0
2 0
2 1
1 1
32768 1
37662 1
65534 0
2 1
65534 1
47319 1
65535 1
17866 0
65534 0
65534 0
1 0
2 0
65534 1
65534 1
2 1
7016 1
2 1
65535 1
2 0
1 1
63147 1
65534 1
2 1
1 0
65535 1
65535 1
2 1
65534 0
65535 0
1 1
65534 0
65534 0
42349 0
1 0
1 0
65534 0
2 1
65535 1
2 0
2 1
2 1
2 0
65535 0
19081 1
1 0
20604 0
2 0
65534 1
1283 1
65535 0
32768 1
65535 1
65535 1
2 1
65535 0
44067 0
51093 1
2 1
32768 0
35337 0
1 1
65535 0
15910 1
14486 0
38532 0
1 1
2 0
1 1
32768 1
29029 1
32768 0
2 0
1 0
1 1
65534 0
32768 1
3138 1
30483 1
31250 0
1 1
65181 1
65534 0
1 0
65534 0
32768 1
34571 1
32768 1
1 0
65534 1
2904 1
65534 1
1 1
1 0
1 0
65535 0
65534 1
65535 0
65534 1
65535 0
65534 1
65535 0
33065 1
32768 1
32105 0
32768 0
65534 1
65535 1
32768 1
65535 0
65535 0
1 0
32768 0
2 0
60471 0
1 0
2 0
1 1
2 1
2 1
32768 1
2 0
318 0
60211 1
39553 1
32768 0
65535 0
32768 1
2 0
2 0
1 1
12962 0
32768 1
32768 0
1 1
2 0
65534 1
2 1
32768 1
5335 0
65534 1
32768 0
65535 0
65534 1
2863 0
44045 1
65534 1
32768 1
2 1
65534 1
51312 1
65534 1
1 1
65534 0
65535 0
2 1
12955 0
1 1
2 1
65535 0
32768 0
65535 0
65535 0
65534 1
2 1
65535 1
65535 0
44583 0
65535 1
1 1
2 1
2 0
65535 0
65534 1
65535 0
27221 1
44449 1
65535 1
65534 0
1 1
32768 1
65535 0
32768 0
2 0
1 0
2 1
65535 1
65535 1
65535 1
65534 0
62804 1
65535 1
65534 1
65534 1
65535 1
1 1
1 1
2354 0
65534 0
65534 1
65535 1
65534 0
65535 0
65535 0
65535 0
2 1
65534 1
65535 0
32768 0
16529 1
65535 0
2 0
2 0
30472 1
2 1
65534 0
25669 1
65534 1
32768 0
65535 0
32768 0
65534 1
1 1
1 0
32768 0
32768 1
65535 1
18266 1
1 0
41972 0
65534 1
65534 1
1 0
9296 1
21026 1
2 1
33765 1
1 1
1 0
2 1
1 0
32768 1
65534 0
65535 0
65535 1
1 0
22107 0
60083 1
8016 1
56690 0
65534 1
32768 1
65535 0
32768 0
1 0
2 0
54722 0
2 1
1 0
1 1
65534 1
65534 1
39136 1
2 1
1 0
65534 0
2 1
26768 0
18500 0
2 0
65535 1
1 0
65535 1
65535 1
42304 0
2 0
32768 1
13920 1
11407 0
65534 0
65534 1
65535 0
22231 0
32768 1
65535 1
1 1
2 0
2 1
32768 1
2 1
2 1
32768 0
2 0
32768 0
2 0
32768 0
65535 1
65535 1
43409 0
32768 0
32768 1
14934 1
65534 1
2100 1
32768 1
1 1
65534 1
32768 1
32768 0
177 0
65535 1
1 0
65535 1
13161 1
65535 0
65535 1
2 1
65535 0
1 0
2 0
32768 0
65534 1
32768 1
32768 0
65534 1
65535 1
1 0
32768 1
65535 1
65535 0
32768 0
1 1
32768 1
2 0
32768 1
2 1
65535 1
55244 0
1 1
21910 0
2 0
1 0
2 1
2 1
32768 1
65535 1
6532 1
65534 1
2 0
32768 1
1 1
65534 0
65534 1
65535 0
65535 0
32768 1
32768 1
32768 1
1 1
2 0
1 1
1 0
65535 1
32768 1
65535 1
65534 0
2 1
2 0
65535 0
65534 1
65535 1
2 1
1 1
2 0
2 0
1 0
2 0
32768 1
65535 0
34829 1
40963 1
65534 0
2 0
65535 1
65535 0
2 1
65535 0
65535 1
1 0
1 0
32768 1
65534 1
65535 0
65535 1
65534 1
1 0
32768 1
65534 0
1 0
2 1
1 0
25182 1
65535 0
65534 0
1 0
65535 0
2 1
2 1
65535 0
2 1
2 0
40013 1
65534 1
65534 1
32768 1
65534 1
65535 1
1 0
1 1
1 0
61727 1
2 1
32768 1
1 0
1 0
1 0
65534 0
65534 1
65534 0
65535 1
32768 0
65534 1
65535 0
2 0
2 1
2 0
2 0
65534 0
65535 1
1 1
65535 1
41984 1
32768 0
32768 0
32768 1
2 1
1 0
1 1
1 0
1 0
33206 0
1 0
32768 1
65534 1
28405 0
5557 1
65534 0
1 1
65534 0
32768 0
24494 0
